14
-1 17 17 4 67 87 50 21 13 41 82 57 79 92 
17 -1 39 14 56 26 7 27 8 23 3 80 30 3 
17 39 -1 69 43 13 83 55 59 24 61 29 27 47 
4 14 69 -1 35 74 87 41 61 89 15 57 72 14 
67 56 43 35 -1 8 11 98 92 69 35 91 85 77 
87 26 13 74 8 -1 78 73 20 68 98 5 41 51 
50 7 83 87 11 78 -1 79 18 44 87 13 56 9 
21 27 55 41 98 73 79 -1 94 41 39 83 97 16 
13 8 59 61 92 20 18 94 -1 44 52 37 93 25 
41 23 24 89 69 68 44 41 44 -1 81 49 8 83 
82 3 61 15 35 98 87 39 52 81 -1 65 32 86 
57 80 29 57 91 5 13 83 37 49 65 -1 49 19 
79 30 27 72 85 41 56 97 93 8 32 49 -1 87 
92 3 47 14 77 51 9 16 25 83 86 19 87 -1 

sum_min=200
