14
-1 8 94 52 59 96 81 39 42 73 31 43 73 51 
8 -1 67 54 75 39 79 90 68 81 19 75 73 40 
94 67 -1 7 84 75 47 61 59 12 75 23 7 59 
52 54 7 -1 84 71 33 77 30 91 74 64 45 11 
59 75 84 84 -1 62 82 77 30 35 12 52 37 70 
96 39 75 71 62 -1 73 74 54 35 19 18 73 6 
81 79 47 33 82 73 -1 78 12 56 15 41 13 7 
39 90 61 77 77 74 78 -1 74 23 55 8 10 87 
42 68 59 30 30 54 12 74 -1 63 66 72 18 6 
73 81 12 91 35 35 56 23 63 -1 63 80 59 11 
31 19 75 74 12 19 15 55 66 63 -1 50 54 97 
43 75 23 64 52 18 41 8 72 80 50 -1 17 98 
73 73 7 45 37 73 13 10 18 59 54 17 -1 63 
51 40 59 11 70 6 7 87 6 11 97 98 63 -1 

sum_min=213
