15
-1 45 43 36 29 95 85 38 57 9 6 28 45 31 41 
45 -1 61 75 58 39 19 26 19 25 57 5 43 24 54 
43 61 -1 74 8 29 83 57 10 23 38 85 53 72 16 
36 75 74 -1 54 13 47 7 65 51 7 47 34 37 72 
29 58 8 54 -1 76 70 11 16 67 11 15 36 7 29 
95 39 29 13 76 -1 1 86 13 91 54 73 30 26 23 
85 19 83 47 70 1 -1 92 19 28 24 2 11 76 62 
38 26 57 7 11 86 92 -1 85 36 37 61 59 20 33 
57 19 10 65 16 13 19 85 -1 54 41 32 97 87 24 
9 25 23 51 67 91 28 36 54 -1 10 71 56 75 41 
6 57 38 7 11 54 24 37 41 10 -1 34 23 29 57 
28 5 85 47 15 73 2 61 32 71 34 -1 55 66 71 
45 43 53 34 36 30 11 59 97 56 23 55 -1 19 7 
31 24 72 37 7 26 76 20 87 75 29 66 19 -1 53 
41 54 16 72 29 23 62 33 24 41 57 71 7 53 -1 

sum_min=0
