15
-1 94 8 11 61 16 32 57 31 53 47 69 1 88 80 
94 -1 88 53 50 48 62 32 15 35 20 73 48 70 70 
8 88 -1 25 80 90 33 64 45 72 12 17 24 15 85 
11 53 25 -1 50 76 90 10 90 95 37 46 5 53 77 
61 50 80 50 -1 47 65 22 72 43 24 45 67 5 87 
16 48 90 76 47 -1 9 67 85 55 2 63 5 25 58 
32 62 33 90 65 9 -1 45 10 13 18 69 39 36 42 
57 32 64 10 22 67 45 -1 63 94 50 86 32 85 87 
31 15 45 90 72 85 10 63 -1 98 19 88 33 34 24 
53 35 72 95 43 55 13 94 98 -1 53 78 30 20 9 
47 20 12 37 24 2 18 50 19 53 -1 25 93 17 73 
69 73 17 46 45 63 69 86 88 78 25 -1 42 41 6 
1 48 24 5 67 5 39 32 33 30 93 42 -1 17 24 
88 70 15 53 5 25 36 85 34 20 17 41 17 -1 75 
80 70 85 77 87 58 42 87 24 9 73 6 24 75 -1 

sum_min=0
