6
-1 22 91 70 27 72 
22 -1 15 6 27 73 
91 15 -1 89 13 74 
70 6 89 -1 13 47 
27 27 13 13 -1 76 
72 73 74 47 76 -1 

sum_min=180
