6
-1 66 15 87 64 38 
66 -1 41 95 15 65 
15 41 -1 68 27 77 
87 95 68 -1 76 11 
64 15 27 76 -1 85 
38 65 77 11 85 -1 

sum_min=196
