6
-1 93 31 74 28 32 
93 -1 36 1 51 6 
31 36 -1 89 87 97 
74 1 89 -1 44 73 
28 51 87 44 -1 89 
32 6 97 73 89 -1 

sum_min=201
