6
-1 96 81 73 91 17 
96 -1 56 91 10 54 
81 56 -1 30 53 41 
73 91 30 -1 96 73 
91 10 53 96 -1 28 
17 54 41 73 28 -1 

sum_min=214
