6
-1 83 50 47 75 18 
83 -1 96 37 7 53 
50 96 -1 99 62 12 
47 37 99 -1 79 81 
75 7 62 79 -1 25 
18 53 12 81 25 -1 

sum_min=178
