7
-1 92 3 61 6 46 67 
92 -1 23 45 1 82 77 
3 23 -1 25 72 28 56 
61 45 25 -1 29 7 64 
6 1 72 29 -1 3 30 
46 82 28 7 3 -1 16 
67 77 56 64 30 16 -1 

sum_min=130
