7
-1 92 42 46 83 9 12 
92 -1 80 21 70 59 43 
42 80 -1 13 47 50 86 
46 21 13 -1 17 70 14 
83 70 47 17 -1 75 6 
9 59 50 70 75 -1 31 
12 43 86 14 6 31 -1 

sum_min=167
