7
-1 69 48 42 72 10 86 
69 -1 69 14 85 90 4 
48 69 -1 86 85 20 79 
42 14 86 -1 8 98 13 
72 85 85 8 -1 70 71 
10 90 20 98 70 -1 75 
86 4 79 13 71 75 -1 

sum_min=196
