7
-1 4 57 86 37 9 53 
4 -1 63 94 47 79 33 
57 63 -1 35 61 82 73 
86 94 35 -1 16 86 19 
37 47 61 16 -1 61 82 
9 79 82 86 61 -1 85 
53 33 73 19 82 85 -1 

sum_min=222
