11
-1 23 30 77 75 27 53 16 14 80 99 
23 -1 85 7 54 2 16 90 25 9 3 
30 85 -1 68 9 72 46 86 11 20 26 
77 7 68 -1 23 52 23 76 91 13 10 
75 54 9 23 -1 60 50 48 26 69 18 
27 2 72 52 60 -1 23 74 39 26 59 
53 16 46 23 50 23 -1 70 37 63 90 
16 90 86 76 48 74 70 -1 32 19 26 
14 25 11 91 26 39 37 32 -1 82 67 
80 9 20 13 69 26 63 19 82 -1 15 
99 3 26 10 18 59 90 26 67 15 -1 

sum_min=151
