11
-1 51 69 72 67 35 76 59 22 91 2 
51 -1 79 4 55 25 84 69 40 89 55 
69 79 -1 33 4 6 62 6 24 11 38 
72 4 33 -1 84 84 49 64 46 30 1 
67 55 4 84 -1 96 27 66 73 70 27 
35 25 6 84 96 -1 62 15 18 30 70 
76 84 62 49 27 62 -1 91 12 85 71 
59 69 6 64 66 15 91 -1 89 50 82 
22 40 24 46 73 18 12 89 -1 7 15 
91 89 11 30 70 30 85 50 7 -1 76 
2 55 38 1 27 70 71 82 15 76 -1 

sum_min=173
