13
-1 36 91 89 11 38 9 74 44 73 92 3 72 
36 -1 92 79 87 40 42 7 46 51 71 63 48 
91 92 -1 97 66 35 17 2 37 10 94 26 33 
89 79 97 -1 41 92 99 76 22 18 16 89 89 
11 87 66 41 -1 81 43 48 34 46 34 48 25 
38 40 35 92 81 -1 9 81 48 53 83 82 5 
9 42 17 99 43 9 -1 52 58 31 39 7 22 
74 7 2 76 48 81 52 -1 77 10 16 66 7 
44 46 37 22 34 48 58 77 -1 57 28 29 93 
73 51 10 18 46 53 31 10 57 -1 68 51 58 
92 71 94 16 34 83 39 16 28 68 -1 70 52 
3 63 26 89 48 82 7 66 29 51 70 -1 82 
72 48 33 89 25 5 22 7 93 58 52 82 -1 

sum_min=198
