13
-1 38 8 30 6 38 43 45 16 71 43 41 1 
38 -1 64 36 15 83 36 6 4 32 7 49 95 
8 64 -1 4 13 94 41 49 56 4 77 32 37 
30 36 4 -1 5 2 9 34 69 12 40 65 55 
6 15 13 5 -1 83 2 11 16 26 58 78 39 
38 83 94 2 83 -1 26 7 96 27 18 52 38 
43 36 41 9 2 26 -1 25 43 97 15 13 2 
45 6 49 34 11 7 25 -1 91 16 45 60 68 
16 4 56 69 16 96 43 91 -1 28 33 1 74 
71 32 4 12 26 27 97 16 28 -1 58 19 94 
43 7 77 40 58 18 15 45 33 58 -1 40 16 
41 49 32 65 78 52 13 60 1 19 40 -1 23 
1 95 37 55 39 38 2 68 74 94 16 23 -1 

sum_min=83
