12
-1 71 1 36 29 68 25 7 48 30 97 62 
71 -1 60 25 80 94 47 83 70 72 74 3 
1 60 -1 29 88 65 30 79 83 80 64 25 
36 25 29 -1 79 43 76 82 64 18 79 94 
29 80 88 79 -1 46 38 22 18 31 46 64 
68 94 65 43 46 -1 53 23 96 66 98 77 
25 47 30 76 38 53 -1 15 47 91 11 16 
7 83 79 82 22 23 15 -1 45 9 6 19 
48 70 83 64 18 96 47 45 -1 94 88 18 
30 72 80 18 31 66 91 9 94 -1 89 56 
97 74 64 79 46 98 11 6 88 89 -1 68 
62 3 25 94 64 77 16 19 18 56 68 -1 

sum_min=229
