12
-1 82 69 83 20 88 54 60 60 52 77 52 
82 -1 29 59 22 33 50 38 82 68 74 14 
69 29 -1 71 16 7 86 39 31 42 87 70 
83 59 71 -1 12 63 49 66 4 55 70 23 
20 22 16 12 -1 90 43 96 89 66 89 71 
88 33 7 63 90 -1 45 29 74 10 80 27 
54 50 86 49 43 45 -1 17 93 50 69 2 
60 38 39 66 96 29 17 -1 79 74 77 61 
60 82 31 4 89 74 93 79 -1 95 46 7 
52 68 42 55 66 10 50 74 95 -1 5 8 
77 74 87 70 89 80 69 77 46 5 -1 5 
52 14 70 23 71 27 2 61 7 8 5 -1 

sum_min=208
