9
-1 27 52 92 30 72 34 57 22 
27 -1 58 30 52 51 61 49 46 
52 58 -1 69 44 90 47 67 66 
92 30 69 -1 92 51 79 28 19 
30 52 44 92 -1 80 91 46 79 
72 51 90 51 80 -1 15 17 3 
34 61 47 79 91 15 -1 40 16 
57 49 67 28 46 17 40 -1 85 
22 46 66 19 79 3 16 85 -1 

sum_min=242
