9
-1 27 36 48 67 46 41 22 42 
27 -1 53 91 24 42 85 95 5 
36 53 -1 84 42 60 91 63 22 
48 91 84 -1 91 28 51 1 24 
67 24 42 91 -1 10 76 17 88 
46 42 60 28 10 -1 28 85 52 
41 85 91 51 76 28 -1 10 95 
22 95 63 1 17 85 10 -1 2 
42 5 22 24 88 52 95 2 -1 

sum_min=177
