9
-1 24 35 7 19 99 30 55 37 
24 -1 54 67 55 4 53 37 54 
35 54 -1 3 93 76 78 95 97 
7 67 3 -1 12 30 29 77 33 
19 55 93 12 -1 64 1 20 22 
99 4 76 30 64 -1 73 72 97 
30 53 78 29 1 73 -1 38 45 
55 37 95 77 20 72 38 -1 69 
37 54 97 33 22 97 45 69 -1 

sum_min=207
