9
-1 51 34 6 50 64 85 20 52 
51 -1 84 13 4 96 75 41 17 
34 84 -1 82 1 53 70 34 52 
6 13 82 -1 36 51 55 33 96 
50 4 1 36 -1 36 47 44 73 
64 96 53 51 36 -1 22 31 89 
85 75 70 55 47 22 -1 67 69 
20 41 34 33 44 31 67 -1 78 
52 17 52 96 73 89 69 78 -1 

sum_min=209
