8
-1 3 37 59 78 38 27 42 
3 -1 33 51 49 66 87 28 
37 33 -1 61 78 28 9 15 
59 51 61 -1 78 25 40 70 
78 49 78 78 -1 8 81 44 
38 66 28 25 8 -1 8 68 
27 87 9 40 81 8 -1 78 
42 28 15 70 44 68 78 -1 

sum_min=182
