8
-1 88 45 67 93 93 48 3 
88 -1 97 39 30 91 3 25 
45 97 -1 71 15 14 94 3 
67 39 71 -1 14 84 2 36 
93 30 15 14 -1 37 95 30 
93 91 14 84 37 -1 47 87 
48 3 94 2 95 47 -1 42 
3 25 3 36 30 87 42 -1 

sum_min=143
