8
-1 86 64 57 1 22 64 4 
86 -1 2 74 4 45 76 64 
64 2 -1 69 91 4 75 77 
57 74 69 -1 98 43 27 33 
1 4 91 98 -1 95 11 48 
22 45 4 43 95 -1 76 36 
64 76 75 27 11 76 -1 65 
4 64 77 33 48 36 65 -1 

sum_min=107
