8
-1 72 44 22 13 15 54 58 
72 -1 26 48 8 91 66 15 
44 26 -1 46 7 43 83 22 
22 48 46 -1 96 69 22 15 
13 8 7 96 -1 96 86 54 
15 91 43 69 96 -1 2 11 
54 66 83 22 86 2 -1 93 
58 15 22 15 54 11 93 -1 

sum_min=125
