10
-1 71 3 63 2 40 87 52 98 39 
71 -1 30 52 76 41 34 32 96 34 
3 30 -1 26 28 69 46 9 96 28 
63 52 26 -1 9 15 43 85 77 37 
2 76 28 9 -1 20 35 4 88 15 
40 41 69 15 20 -1 18 86 11 60 
87 34 46 43 35 18 -1 36 66 20 
52 32 9 85 4 86 36 -1 29 45 
98 96 96 77 88 11 66 29 -1 1 
39 34 28 37 15 60 20 45 1 -1 

sum_min=136
