10
-1 37 31 80 84 24 33 96 31 67 
37 -1 66 52 51 3 75 27 63 70 
31 66 -1 46 98 20 32 47 83 41 
80 52 46 -1 42 8 36 57 24 47 
84 51 98 42 -1 72 34 16 41 78 
24 3 20 8 72 -1 50 55 67 97 
33 75 32 36 34 50 -1 69 34 28 
96 27 47 57 16 55 69 -1 49 99 
31 63 83 24 41 67 34 49 -1 4 
67 70 41 47 78 97 28 99 4 -1 

sum_min=221
