10
-1 3 51 24 35 79 48 76 44 15 
3 -1 50 88 5 98 13 76 62 70 
51 50 -1 97 6 80 59 21 74 57 
24 88 97 -1 40 63 80 24 9 61 
35 5 6 40 -1 91 89 36 14 54 
79 98 80 63 91 -1 92 44 39 94 
48 13 59 80 89 92 -1 76 71 98 
76 76 21 24 36 44 76 -1 11 34 
44 62 74 9 14 39 71 11 -1 46 
15 70 57 61 54 94 98 34 46 -1 

sum_min=258
